240 240 240 240 240 240 240 240 240 240 240 240 240 240 240 240
240   0   0   0 240 240 240   0 240 240   0   0   0   0   0 240
240   0   0 240 240   0 240 172   0 172  68  68 240   0   0 240
240   0 240 240   0 240 240 240   0 240 240   0 240 240   0 240
240 240 240   0 240   0   0   0 240 240   0   0   0 240 240 240
240 240 240   0 240   0 240 240 240   0 240   0 240   0 240 240
240 240 240 240 240 240 168 129 236 240   0 240 240   0 240 240
240   0  68 240   0   0   3   3   3   3 240 240   0   0 240 240
240   0 172   0   0   0   3   3   3   3 240 240   0 172   0 240
240 240  68 240   0 240 240 240 240 240 240   0 240 172 240 240
240   0   0 240   0   0 240   0   0   0 240   0 240   0 240 240
240   0 240 240   0   0   0 240   0 240 240   0   0 240   0 240
240   0 240 240   0 240 240   0   0 240 240   0 240 172   0 240
240   0   0 240 240 172 240   0   0 172 172  68  68  19 240 240
240   0   0   0 240   0 240   0   0   0 240 240   0 172   0 240
240 240 240 240 240 240 240 240 240 240 240 240 240 240 240 240
240 240 240 240 240 240 240 240 240 240 240 240 240 240 240 240
240   0   0   0 240 240 240   0 240 240   0   0   0   0   0 240
240   0   0 240 240   0 240 172   0 172  68  68 240   0   0 240
240   0 240 240   0 240 240 240   0 240 240   0 240 240   0 240
240 240 240   0 240   0   0   0 240 240   0   0   0 240 240 240
240 240 240   0 240   0 240 240 240   0 240   0 240   0 240 240
240 240 240 240 240 240 168 129 236 240   0 240 240   0 240 240
240   0  68 240   0   0   3   3   3   3 240 240   0   0 240 240
240   0 172   0   0   0   3   3   3   3 240 240   0 172   0 240
240 240  68 240   0 240 240 240 240 240 240   0 240 172 240 240
240   0   0 240   0   0 240   0   0   0 240   0 240   0 240 240
240   0 240 240   0   0   0 240   0 240 240   0   0 240   0 240
240   0 240 240   0 240 240   0   0 240 240   0 240 172   0 240
240   0   0 240 240 172 240   0   0 172 172  68  68  19 240 240
240   0   0   0 240   0 240   0   0   0 240 240   0 172   0 240
240 240 240 240 240 240 240 240 240 240 240 240 240 240 240 240
240 240 240 240 240 240 240 240 240 240 240 240 240 240 240 240
240   0   0   0 240 240 240   0 240 240   0   0   0   0   0 240
240   0   0 240 240   0 240 172   0 172  68  68 240   0   0 240
240   0 240 240   0 240 240 240   0 240 240   0 240 240   0 240
240 240 240   0 240   0   0   0 240 240   0   0   0 240 240 240
240 240 240   0 240   0 240 240 240   0 240   0 240   0 240 240
240 240 240 240 240 240 168 129 236 240   0 240 240   0 240 240
240   0  68 240   0   0   3   3   3   3 240 240   0   0 240 240
240   0 172   0   0   0   3   3   3   3 240 240   0 172   0 240
240 240  68 240   0 240 240 240 240 240 240   0 240 172 240 240
240   0   0 240   0   0 240   0   0   0 240   0 240   0 240 240
240   0 240 240   0   0   0 240   0 240 240   0   0 240   0 240
240   0 240 240   0 240 240   0   0 240 240   0 240 172   0 240
240   0   0 240 240 172 240   0   0 172 172  68  68  19 240 240
240   0   0   0 240   0 240   0   0   0 240 240   0 172   0 240
240 240 240 240 240 240 240 240 240 240 240 240 240 240 240 240

240 240 240 240 240 240 240 240 240 240 240 240 240 240 240 240
240   0   0   0 240 240 240 240   0 240 240   0   0 240   0 240
240   0   0 240 240   0   0   0 172 172   0 240 172  19 172 240
240   0 240 240   0 240 240   0   0 240 240   0 240  68   0 240
240   0  68   0   0   0 240 240 240   0   0   0   0  68 240 240
240   0  68 240   0 240   0 240 240 240 240 240 240 172 240 240
240 240 172 240 240   0 240   3   3 240   0 240 240 172   0 240
240 240   0   0 240 240 236   3   3 240   0   0   0   0   0 240
240   0 172 240   0 240 129   3   3 240   0 240   0   0   0 240
240 240 240 240   0 240 168   3   3 240 240   0 240 240 240 240
240 240   0 240   0   0 240   0   0 240   0   0 240 172   0 240
240 240 240   0 240 240 240   0   0   0   0   0   0 240 240 240
240   0 240 240   0   0 240 240   0 240 240 240 240 240   0 240
240   0   0 240 240 240 240  68 172  68   0 240 240   0   0 240
240   0   0   0 240 240 240   0   0 240   0   0   0   0   0 240
240 240 240 240 240 240 240 240 240 240 240 240 240 240 240 240
240 240 240 240 240 240 240 240 240 240 240 240 240 240 240 240
240   0   0   0 240 240 240 240   0 240 240   0   0 240   0 240
240   0   0 240 240   0   0   0 172 172   0 240 172  19 172 240
240   0 240 240   0 240 240   0   0 240 240   0 240  68   0 240
240   0  68   0   0   0 240 240 240   0   0   0   0  68 240 240
240   0  68 240   0 240   0 240 240 240 240 240 240 172 240 240
240 240 172 240 240   0 240   3   3 240   0 240 240 172   0 240
240 240   0   0 240 240 236   3   3 240   0   0   0   0   0 240
240   0 172 240   0 240 129   3   3 240   0 240   0   0   0 240
240 240 240 240   0 240 168   3   3 240 240   0 240 240 240 240
240 240   0 240   0   0 240   0   0 240   0   0 240 172   0 240
240 240 240   0 240 240 240   0   0   0   0   0   0 240 240 240
240   0 240 240   0   0 240 240   0 240 240 240 240 240   0 240
240   0   0 240 240 240 240  68 172  68   0 240 240   0   0 240
240   0   0   0 240 240 240   0   0 240   0   0   0   0   0 240
240 240 240 240 240 240 240 240 240 240 240 240 240 240 240 240
240 240 240 240 240 240 240 240 240 240 240 240 240 240 240 240
240   0   0   0 240 240 240 240   0 240 240   0   0 240   0 240
240   0   0 240 240   0   0   0 172 172   0 240 172  19 172 240
240   0 240 240   0 240 240   0   0 240 240   0 240  68   0 240
240   0  68   0   0   0 240 240 240   0   0   0   0  68 240 240
240   0  68 240   0 240   0 240 240 240 240 240 240 172 240 240
240 240 172 240 240   0 240   3   3 240   0 240 240 172   0 240
240 240   0   0 240 240 236   3   3 240   0   0   0   0   0 240
240   0 172 240   0 240 129   3   3 240   0 240   0   0   0 240
240 240 240 240   0 240 168   3   3 240 240   0 240 240 240 240
240 240   0 240   0   0 240   0   0 240   0   0 240 172   0 240
240 240 240   0 240 240 240   0   0   0   0   0   0 240 240 240
240   0 240 240   0   0 240 240   0 240 240 240 240 240   0 240
240   0   0 240 240 240 240  68 172  68   0 240 240   0   0 240
240   0   0   0 240 240 240   0   0 240   0   0   0   0   0 240
240 240 240 240 240 240 240 240 240 240 240 240 240 240 240 240

239 235 234 235 238 238 233 231 233 237 238 239 232 231 235 239
237 188 160 185 208 182 138 146 124 173 203 224 158 159 187 235
239 178  88  90 114 157 135  76  23  85 108 156 124 102 159 231
236 183  97 162  88 117  75  40  88  76 121  98 112 124 158 232
235 161 115  91  79 139 125  92 128 118  55  78 165 195 179 235
237 183 151 117 108 114  95  62 183 152 117  67 146 162 188 235
237 177 127 154 137 114 159  78  83 115 164 113 147 102 165 236
232 125 138 142 181 164  62  11   5  51 171  80 109 143 150 232
238 188  69 100 136  90  59   7   3  49 166  86 166  83 153 233
239 190 116 120 144 116 180  95  66  78 152 186 117 120 183 237
240 213 129 144 116  96 164 135 117  85 113 128  94 138 189 235
240 205 172 125 133 129 170 156  56  71  90 131 101 173 225 237
232 158 124 112 125 120 117 111 155  95  91 109 112 124 158 232
231 159 102 124 158 101 139 132 123 118 138 172 124 102 159 231
235 187 159 158 195 181 199 209 130 163 185 200 158 159 187 235
239 235 231 232 233 233 238 239 233 235 238 238 232 231 235 239
239 235 234 235 238 238 233 231 233 237 238 239 232 231 235 239
237 188 160 185 208 182 138 146 124 173 203 224 158 159 187 235
239 178  88  90 114 157 135  76  23  85 108 156 124 102 159 231
236 183  97 162  88 117  75  40  88  76 121  98 112 124 158 232
235 161 115  91  79 139 125  92 128 118  55  78 165 195 179 235
237 183 151 117 108 114  95  62 183 152 117  67 146 162 188 235
237 177 127 154 137 114 159  78  83 115 164 113 147 102 165 236
232 125 138 142 181 164  62  11   5  51 171  80 109 143 150 232
238 188  69 100 136  90  59   7   3  49 166  86 166  83 153 233
239 190 116 120 144 116 180  95  66  78 152 186 117 120 183 237
240 213 129 144 116  96 164 135 117  85 113 128  94 138 189 235
240 205 172 125 133 129 170 156  56  71  90 131 101 173 225 237
232 158 124 112 125 120 117 111 155  95  91 109 112 124 158 232
231 159 102 124 158 101 139 132 123 118 138 172 124 102 159 231
235 187 159 158 195 181 199 209 130 163 185 200 158 159 187 235
239 235 231 232 233 233 238 239 233 235 238 238 232 231 235 239
239 235 234 235 238 238 233 231 233 237 238 239 232 231 235 239
237 188 160 185 208 182 138 146 124 173 203 224 158 159 187 235
239 178  88  90 114 157 135  76  23  85 108 156 124 102 159 231
236 183  97 162  88 117  75  40  88  76 121  98 112 124 158 232
235 161 115  91  79 139 125  92 128 118  55  78 165 195 179 235
237 183 151 117 108 114  95  62 183 152 117  67 146 162 188 235
237 177 127 154 137 114 159  78  83 115 164 113 147 102 165 236
232 125 138 142 181 164  62  11   5  51 171  80 109 143 150 232
238 188  69 100 136  90  59   7   3  49 166  86 166  83 153 233
239 190 116 120 144 116 180  95  66  78 152 186 117 120 183 237
240 213 129 144 116  96 164 135 117  85 113 128  94 138 189 235
240 205 172 125 133 129 170 156  56  71  90 131 101 173 225 237
232 158 124 112 125 120 117 111 155  95  91 109 112 124 158 232
231 159 102 124 158 101 139 132 123 118 138 172 124 102 159 231
235 187 159 158 195 181 199 209 130 163 185 200 158 159 187 235
239 235 231 232 233 233 238 239 233 235 238 238 232 231 235 239

239 235 231 232 235 235 236 232 233 237 235 237 232 231 235 239
235 187 159 158 179 188 165 150 153 183 189 225 158 159 187 235
231 159 102 124 195 162 102 143  83 120 138 173 124 102 159 231
232 158 124 112 165 146 147 109 166 117  94 101 112 124 158 232
239 224 156  98  78  67 113  80  86 186 128 131 109 172 200 238
238 203 108 121  55 117 164 171 166 152 113  90  91 138 185 238
237 173  85  76 118 152 115  51  49  78  85  71  95 118 163 235
233 124  23  88 128 183  83   5   3  66 117  56 155 123 130 233
231 146  76  40  92  62  78  11   7  95 135 156 111 132 209 239
233 138 135  75 125  95 159  62  59 180 164 170 117 139 199 238
238 182 157 117 139 114 114 164  90 116  96 129 120 101 181 233
238 208 114  88  79 108 137 181 136 144 116 133 125 158 195 233
235 185  90 162  91 117 154 142 100 120 144 125 112 124 158 232
234 160  88  97 115 151 127 138  69 116 129 172 124 102 159 231
235 188 178 183 161 183 177 125 188 190 213 205 158 159 187 235
239 237 239 236 235 237 237 232 238 239 240 240 232 231 235 239
239 235 231 232 235 235 236 232 233 237 235 237 232 231 235 239
235 187 159 158 179 188 165 150 153 183 189 225 158 159 187 235
231 159 102 124 195 162 102 143  83 120 138 173 124 102 159 231
232 158 124 112 165 146 147 109 166 117  94 101 112 124 158 232
239 224 156  98  78  67 113  80  86 186 128 131 109 172 200 238
238 203 108 121  55 117 164 171 166 152 113  90  91 138 185 238
237 173  85  76 118 152 115  51  49  78  85  71  95 118 163 235
233 124  23  88 128 183  83   5   3  66 117  56 155 123 130 233
231 146  76  40  92  62  78  11   7  95 135 156 111 132 209 239
233 138 135  75 125  95 159  62  59 180 164 170 117 139 199 238
238 182 157 117 139 114 114 164  90 116  96 129 120 101 181 233
238 208 114  88  79 108 137 181 136 144 116 133 125 158 195 233
235 185  90 162  91 117 154 142 100 120 144 125 112 124 158 232
234 160  88  97 115 151 127 138  69 116 129 172 124 102 159 231
235 188 178 183 161 183 177 125 188 190 213 205 158 159 187 235
239 237 239 236 235 237 237 232 238 239 240 240 232 231 235 239
239 235 231 232 235 235 236 232 233 237 235 237 232 231 235 239
235 187 159 158 179 188 165 150 153 183 189 225 158 159 187 235
231 159 102 124 195 162 102 143  83 120 138 173 124 102 159 231
232 158 124 112 165 146 147 109 166 117  94 101 112 124 158 232
239 224 156  98  78  67 113  80  86 186 128 131 109 172 200 238
238 203 108 121  55 117 164 171 166 152 113  90  91 138 185 238
237 173  85  76 118 152 115  51  49  78  85  71  95 118 163 235
233 124  23  88 128 183  83   5   3  66 117  56 155 123 130 233
231 146  76  40  92  62  78  11   7  95 135 156 111 132 209 239
233 138 135  75 125  95 159  62  59 180 164 170 117 139 199 238
238 182 157 117 139 114 114 164  90 116  96 129 120 101 181 233
238 208 114  88  79 108 137 181 136 144 116 133 125 158 195 233
235 185  90 162  91 117 154 142 100 120 144 125 112 124 158 232
234 160  88  97 115 151 127 138  69 116 129 172 124 102 159 231
235 188 178 183 161 183 177 125 188 190 213 205 158 159 187 235
239 237 239 236 235 237 237 232 238 239 240 240 232 231 235 239
